9706
997
4374
3850
7389
2261
3854
2402
6285
6171
3034
1730
9200
2815
4351
8100
2857
6128
277
8014
1232
7817
149
4572
5812
999
6492
9407
5187
1869
5269
8386
8282
4008
6307
323
95
7591
8798
1143
3718
495
273
3686
2495
1343
7124
6568
7894
9258
6463
4721
7875
7866
5172
3644
2283
8732
622
6302
5691
4594
6035
3923
1794
9821
7577
8807
6068
8988
3100
624
6319
6218
416
7619
4904
9314
6732
6364
8707
8794
6734
7562
397
9371
5210
3154
4287
5738
4404
5005
833
4949
1509
7173
9768
9707
1205
904
7238
4764
532
479
9654
6677
3216
1613
2802
4172
4800
3123
4434
1442
4957
4299
7602
1462
6301
8886
7982
2499
5527
1147
5824
3816
5456
8470
1661
7956
7369
7589
7230
7010
3791
2327
1059
1507
346
6900
1491
6564
747
9421
7661
534
8000
5483
5230
6313
3438
3948
9964
6168
5974
1819
8110
8039
1746
4508
7991
7272
7342
4440
7717
7250
5164
7558
3903
1304
7659
2157
5523
7855
5656
2145
3582
9089
7542
6597
8725
6007
5421
5033
168
7665
1562
9838
7830
7962
5568
8045
2845
989
4401
8257
6232
5026
659
8560
1308
6051
9817
2250
7607
9353
3506
4773
7446
1890
3836
8940
5231
9174
2966
1505
616
3760
3389
677
8285
2565
7008
3348
6883
6050
3340
4420
8041
4433
5519
3779
1650
8359
6993
8113
3640
8913
3163
9127
7961
2911
1035
5424
2514
7612
4703
9347
4583
2415
8648
1334
3968
5236
4872
367
7476
9935
1292
2607
3805
6952
9428
9988
8932
7994
4205
6255
2984
5178
2065
8044
7755
6192
4845
2185
4463
6001
1911
4373
7142
621
8375
6014
9238
8973
836
2112
7630
1356
5616
1195
8652
3161
3376
3938
7060
5499
7068
4259
4808
3237
2969
7616
5834
1336
120
1274
7603
3001
8404
9497
2026
2062
3428
441
1243
7086
6183
3499
8651
1976
2742
6333
8520
5899
1744
7401
7507
2615
935
3275
2644
7059
6902
9390
9996
7208
6939
5166
5304
6433
1006
5097
549
4916
8769
8935
2183
4316
2581
6794
5185
4409
4880
2928
8454
3862
2924
4924
3693
513
7110
5344
6424
9272
5699
4201
6291
7794
5557
6863
9288
6438
121
4056
9253
9583
6142
4716
6798
189
4920
6040
75
3901
9976
7624
9742
2584
2019
5121
3231
3751
4397
3883
3494
3096
6779
1094
4009
7545
8888
6653
4364
5968
8170
7620
9908
7482
8624
6723
601
7501
6093
9451
1259
7117
6644
8632
6777
3355
161
6245
5740
8683
176
8398
3768
7608
5379
5350
8349
7039
7683
5550
1517
743
8475
778
4491
8926
3102
7803
2558
4377
4907
3829
3397
3131
5657
5114
9164
379
9796
9668
9607
3283
5679
1634
99
7550
5849
6278
7787
9535
7972
6609
8662
6673
3786
8256
8946
5151
585
5973
4713
7777
1466
7593
5531
7606
3287
5044
9651
5367
1223
309
8899
9327
5282
5488
9616
7911
2557
7924
2833
1350
1416
3634
